4.96010423920361
11.9075174624087
5.69641577051886
7.5214394489607
9.16257699923523
7.98725932808527
0.959518905729055
1.96864968476196
0.637582886950375
1.23056125516693
10.9779179563282
9.54303362271322
16.1711778359157
0.67827464081347
7.05713702958632
4.9746695468506
0.425504809520752
3.99941199881603
2.38513828545198
9.96109456227411
2.58285400768121
11.5402414271595
2.57974860676223
4.09763737271229
1.32902619739374
2.86485996407767
5.51024187949109
10.56765238388
4.87538540086953
16.9574165956718
2.11196873596723
6.93374164995361
3.98100919400652
13.4021065130196
0.27038012431534
0.752574581031998
3.38589446929594
6.97452473736612
6.26493427253572
0.288399122655392
6.1824923813026
0.340515185815276
9.92527094017684
7.0851549192946
14.1537269817335
3.68848080738897
9.76317040843736
7.16478836054927
12.5425237784149
6.06856747191954
3.41777403528492
0.636548496161898
1.14690816340347
5.82220850548012
14.9024095750394
2.08275089040399
2.48251939192414
4.6021653773884
0.145558003957073
3.89480107463896
2.38421085911493
7.72408883990654
4.8136891670208
0.973642296175077
3.4231127256747
3.4345179485778
0.875833512594303
24.6486274759873
7.46602496104249
1.72431879366438
4.35937102884054
7.30562811068503
5.32766601879945
4.47318906274935
2.16832316480577
1.4382631983608
4.76524397702821
6.8760482570673
0.2334811685721
19.3072300144755
2.36397967052956
5.62793860183962
1.567853861833
14.974440173958
4.72992742015242
11.024556903211
1.98077561644216
1.45464046869424
3.4711834974587
7.6475969761293
8.92796930518556
1.83996740524766
23.3496467450142
0.569170045976838
10.5259219303093
3.15231372912725
1.45275873752932
0.338539319899794
5.40008621883202
28.8038080168848
4.29291820774476
14.3910993807848
0.526690333932284
0.886943175767859
4.7875404168845
3.08310134646793
6.61046180225221
3.08505899767023
13.4354897707067
20.4453232376499
1.70528721995652
7.31209007995137
1.01179976637165
6.29985469169321
4.04818088126679
1.90962853531043
28.0995672179346
12.4321911322226
14.679996780211
9.02024473346083
29.1510807706003
14.4170876708172
0.396697248021762
19.0455559394979
8.10290404256988
3.82399415286879
29.4123418885211
11.8650836728718
2.74237319516639
0.766901969909668
1.7765902976195
10.0123511497539
19.0991070080766
2.45697203580466
6.26999886678465
2.95647966985901
9.19763047220119
5.80688813052384
1.65049718302575
19.6031056403685
2.57639112882316
16.7327821122152
22.5348958858573
3.29047394605974
1.38670338938634
2.97432184840242
4.06828669210275
15.9082774479023
0.951319473485152
12.2792812679571
19.2531790324771
10.2837280414294
2.67341123053661
7.10543341906675
1.83010523207486
11.7968334127825
1.47946174877385
0.0903955608829146
0.309490238626798
2.6087739347936
12.4832797665757
11.4267383882763
0.0162046278516452
1.07203894197746
0.00180265580403779
0.00446987526316547
0.750945188711125
0.0159712063393611
1.16490270321568
9.79758767975982
0.630549428876227
1.99688033511241
2.66105413994435
8.71407173545965
4.57268112339079
0.410739347959558
1.67383580468595
15.562041736299
8.87664423606603
8.95201175756065
3.11862197394172
0.183294554974412
12.5994990387918
9.08762454337685
1.22500848956406
1.76426256329672
5.78740401786375
3.77635911417504
21.0216600188338
2.63578665132324
5.27851186043827
3.04772684040169
4.57591782013575
10.9964013342422
8.16984189029344
10.8025195443989
12.4162856615897
4.48017904845377
2.71551185287535
4.99615257577904
